https://xxx
114514 0.500000000 0.500000000 0.500000000 0.500000000 0.000000000 0.000000000 -1.0 0.0 0.0 0.0 0.0 1.0 0.0 0.0 0.0 0.0 1.0 0.0
114514 0.500000000 0.500000000 0.500000000 0.500000000 0.000000000 0.000000000 -0.9994862 0.0 -0.03205158 0.0 0.0 1.0 0.0 0.0 -0.032051582 0.0 0.9994862 0.0
114514 0.500000000 0.500000000 0.500000000 0.500000000 0.000000000 0.000000000 -0.9979453 0.0 -0.064070225 0.0 0.0 1.0 0.0 0.0 -0.064070225 0.0 0.99794537 0.0
114514 0.500000000 0.500000000 0.500000000 0.500000000 0.000000000 0.000000000 -0.99537903 0.0 -0.09602302 0.0 0.0 1.0 0.0 0.0 -0.09602302 0.0 0.9953791 0.0
114514 0.500000000 0.500000000 0.500000000 0.500000000 0.000000000 0.000000000 -0.99178994 0.0 -0.12787716 0.0 0.0 1.0 0.0 0.0 -0.12787716 0.0 0.99178994 0.0
114514 0.500000000 0.500000000 0.500000000 0.500000000 0.000000000 0.000000000 -0.9871818 0.0 -0.15959992 0.0 0.0 1.0 0.0 0.0 -0.15959992 0.0 0.9871818 0.0
114514 0.500000000 0.500000000 0.500000000 0.500000000 0.000000000 0.000000000 -0.9815591 0.0 -0.19115864 0.0 0.0 1.0 0.0 0.0 -0.19115864 0.0 0.9815592 0.0
114514 0.500000000 0.500000000 0.500000000 0.500000000 0.000000000 0.000000000 -0.97492784 0.0 -0.22252092 0.0 0.0 1.0 0.0 0.0 -0.22252092 0.0 0.9749279 0.0
114514 0.500000000 0.500000000 0.500000000 0.500000000 0.000000000 0.000000000 -0.96729493 0.0 -0.2536546 0.0 0.0 1.0 0.0 0.0 -0.2536546 0.0 0.9672948 0.0
114514 0.500000000 0.500000000 0.500000000 0.500000000 0.000000000 0.000000000 -0.95866776 0.0 -0.28452757 0.0 0.0 1.0 0.0 0.0 -0.28452757 0.0 0.9586678 0.0
114514 0.500000000 0.500000000 0.500000000 0.500000000 0.000000000 0.000000000 -0.94905573 0.0 -0.31510824 0.0 0.0 1.0 0.0 0.0 -0.31510824 0.0 0.94905573 0.0
114514 0.500000000 0.500000000 0.500000000 0.500000000 0.000000000 0.000000000 -0.9384684 0.0 -0.34536508 0.0 0.0 1.0 0.0 0.0 -0.34536508 0.0 0.93846834 0.0
114514 0.500000000 0.500000000 0.500000000 0.500000000 0.000000000 0.000000000 -0.9269167 0.0 -0.37526703 0.0 0.0 1.0 0.0 0.0 -0.37526703 0.0 0.9269168 0.0
114514 0.500000000 0.500000000 0.500000000 0.500000000 0.000000000 0.000000000 -0.9144126 0.0 -0.40478334 0.0 0.0 1.0 0.0 0.0 -0.40478337 0.0 0.91441256 0.0
114514 0.500000000 0.500000000 0.500000000 0.500000000 0.000000000 0.000000000 -0.9009689 0.0 -0.4338838 0.0 0.0 1.0 0.0 0.0 -0.4338838 0.0 0.9009689 0.0
114514 0.500000000 0.500000000 0.500000000 0.500000000 0.000000000 0.000000000 -0.8865993 0.0 -0.4625383 0.0 0.0 1.0 0.0 0.0 -0.4625383 0.0 0.8865993 0.0
114514 0.500000000 0.500000000 0.500000000 0.500000000 0.000000000 0.000000000 -0.8713187 0.0 -0.4907176 0.0 0.0 1.0 0.0 0.0 -0.49071756 0.0 0.87131876 0.0
114514 0.500000000 0.500000000 0.500000000 0.500000000 0.000000000 0.000000000 -0.8551427 0.0 -0.51839256 0.0 0.0 1.0 0.0 0.0 -0.51839256 0.0 0.85514283 0.0
114514 0.500000000 0.500000000 0.500000000 0.500000000 0.000000000 0.000000000 -0.83808815 0.0 -0.5455349 0.0 0.0 1.0 0.0 0.0 -0.5455349 0.0 0.8380881 0.0
114514 0.500000000 0.500000000 0.500000000 0.500000000 0.000000000 0.000000000 -0.82017225 0.0 -0.5721166 0.0 0.0 1.0 0.0 0.0 -0.5721166 0.0 0.8201722 0.0
114514 0.500000000 0.500000000 0.500000000 0.500000000 0.000000000 0.000000000 -0.8014136 0.0 -0.59811056 0.0 0.0 1.0 0.0 0.0 -0.59811056 0.0 0.80141366 0.0
114514 0.500000000 0.500000000 0.500000000 0.500000000 0.000000000 0.000000000 -0.78183144 0.0 -0.62348986 0.0 0.0 1.0 0.0 0.0 -0.62348986 0.0 0.78183144 0.0
114514 0.500000000 0.500000000 0.500000000 0.500000000 0.000000000 0.000000000 -0.7614459 0.0 -0.64822835 0.0 0.0 1.0 0.0 0.0 -0.6482284 0.0 0.76144594 0.0
114514 0.500000000 0.500000000 0.500000000 0.500000000 0.000000000 0.000000000 -0.7402779 0.0 -0.67230093 0.0 0.0 1.0 0.0 0.0 -0.672301 0.0 0.740278 0.0
114514 0.500000000 0.500000000 0.500000000 0.500000000 0.000000000 0.000000000 -0.7183493 0.0 -0.6956825 0.0 0.0 1.0 0.0 0.0 -0.6956826 0.0 0.71834934 0.0
114514 0.500000000 0.500000000 0.500000000 0.500000000 0.000000000 0.000000000 -0.6956825 0.0 -0.71834934 0.0 0.0 1.0 0.0 0.0 -0.7183493 0.0 0.6956825 0.0
114514 0.500000000 0.500000000 0.500000000 0.500000000 0.000000000 0.000000000 -0.6723009 0.0 -0.740278 0.0 0.0 1.0 0.0 0.0 -0.740278 0.0 0.67230093 0.0
114514 0.500000000 0.500000000 0.500000000 0.500000000 0.000000000 0.000000000 -0.6482283 0.0 -0.76144594 0.0 0.0 1.0 0.0 0.0 -0.761446 0.0 0.6482283 0.0
114514 0.500000000 0.500000000 0.500000000 0.500000000 0.000000000 0.000000000 -0.6234898 0.0 -0.7818315 0.0 0.0 1.0 0.0 0.0 -0.78183144 0.0 0.6234898 0.0
114514 0.500000000 0.500000000 0.500000000 0.500000000 0.000000000 0.000000000 -0.59811056 0.0 -0.80141366 0.0 0.0 1.0 0.0 0.0 -0.8014136 0.0 0.59811056 0.0
114514 0.500000000 0.500000000 0.500000000 0.500000000 0.000000000 0.000000000 -0.5721166 0.0 -0.8201722 0.0 0.0 1.0 0.0 0.0 -0.82017225 0.0 0.5721166 0.0
114514 0.500000000 0.500000000 0.500000000 0.500000000 0.000000000 0.000000000 -0.5455349 0.0 -0.8380881 0.0 0.0 1.0 0.0 0.0 -0.83808815 0.0 0.5455349 0.0
114514 0.500000000 0.500000000 0.500000000 0.500000000 0.000000000 0.000000000 -0.51839256 0.0 -0.85514283 0.0 0.0 1.0 0.0 0.0 -0.8551427 0.0 0.51839256 0.0
114514 0.500000000 0.500000000 0.500000000 0.500000000 0.000000000 0.000000000 -0.49071747 0.0 -0.87131864 0.0 0.0 1.0 0.0 0.0 -0.8713187 0.0 0.4907175 0.0
114514 0.500000000 0.500000000 0.500000000 0.500000000 0.000000000 0.000000000 -0.4625383 0.0 -0.8865993 0.0 0.0 1.0 0.0 0.0 -0.8865993 0.0 0.4625383 0.0
114514 0.500000000 0.500000000 0.500000000 0.500000000 0.000000000 0.000000000 -0.4338838 0.0 -0.9009689 0.0 0.0 1.0 0.0 0.0 -0.9009689 0.0 0.4338838 0.0
114514 0.500000000 0.500000000 0.500000000 0.500000000 0.000000000 0.000000000 -0.40478328 0.0 -0.9144127 0.0 0.0 1.0 0.0 0.0 -0.9144126 0.0 0.40478328 0.0
114514 0.500000000 0.500000000 0.500000000 0.500000000 0.000000000 0.000000000 -0.37526694 0.0 -0.9269168 0.0 0.0 1.0 0.0 0.0 -0.9269168 0.0 0.37526694 0.0
114514 0.500000000 0.500000000 0.500000000 0.500000000 0.000000000 0.000000000 -0.34536502 0.0 -0.93846846 0.0 0.0 1.0 0.0 0.0 -0.93846846 0.0 0.34536505 0.0
114514 0.500000000 0.500000000 0.500000000 0.500000000 0.000000000 0.000000000 -0.3151082 0.0 -0.9490557 0.0 0.0 1.0 0.0 0.0 -0.94905573 0.0 0.3151082 0.0
114514 0.500000000 0.500000000 0.500000000 0.500000000 0.000000000 0.000000000 -0.28452757 0.0 -0.9586678 0.0 0.0 1.0 0.0 0.0 -0.95866776 0.0 0.28452757 0.0
114514 0.500000000 0.500000000 0.500000000 0.500000000 0.000000000 0.000000000 -0.2536545 0.0 -0.9672948 0.0 0.0 1.0 0.0 0.0 -0.9672948 0.0 0.2536545 0.0
114514 0.500000000 0.500000000 0.500000000 0.500000000 0.000000000 0.000000000 -0.22252083 0.0 -0.9749279 0.0 0.0 1.0 0.0 0.0 -0.9749279 0.0 0.22252084 0.0
114514 0.500000000 0.500000000 0.500000000 0.500000000 0.000000000 0.000000000 -0.19115856 0.0 -0.9815591 0.0 0.0 1.0 0.0 0.0 -0.98155916 0.0 0.19115858 0.0
114514 0.500000000 0.500000000 0.500000000 0.500000000 0.000000000 0.000000000 -0.15959987 0.0 -0.9871818 0.0 0.0 1.0 0.0 0.0 -0.9871818 0.0 0.15959987 0.0
114514 0.500000000 0.500000000 0.500000000 0.500000000 0.000000000 0.000000000 -0.12787715 0.0 -0.99178994 0.0 0.0 1.0 0.0 0.0 -0.99179006 0.0 0.12787716 0.0
114514 0.500000000 0.500000000 0.500000000 0.500000000 0.000000000 0.000000000 -0.09602303 0.0 -0.9953791 0.0 0.0 1.0 0.0 0.0 -0.99537903 0.0 0.09602303 0.0
114514 0.500000000 0.500000000 0.500000000 0.500000000 0.000000000 0.000000000 -0.064070135 0.0 -0.99794537 0.0 0.0 1.0 0.0 0.0 -0.9979453 0.0 0.064070135 0.0
114514 0.500000000 0.500000000 0.500000000 0.500000000 0.000000000 0.000000000 -0.03205151 0.0 -0.9994861 0.0 0.0 1.0 0.0 0.0 -0.9994862 0.0 0.03205151 0.0
114514 0.500000000 0.500000000 0.500000000 0.500000000 0.000000000 0.000000000 4.371139e-08 0.0 -1.0 0.0 0.0 1.0 0.0 0.0 -1.0 0.0 -4.371139e-08 0.0
