https://xxx
114514 0.500000000 0.500000000 0.500000000 0.500000000 0.000000000 0.000000000 1.0 -4.3711385e-08 0.0 0.0 -1.910685e-15 -4.3711385e-08 1.0 1.0658141e-14 4.371138e-08 1.0 4.3711385e-08 3.0
114514 0.500000000 0.500000000 0.500000000 0.500000000 0.000000000 0.000000000 0.9999444 -0.010542122 -2.7755576e-17 0.0 -4.6081078e-10 -4.3708955e-08 1.0 0.0 0.010542123 0.99994445 4.3711385e-08 3.0000002
114514 0.500000000 0.500000000 0.500000000 0.500000000 0.000000000 0.000000000 0.99977773 -0.021083029 5.551115e-17 0.0 -9.215684e-10 -4.3701668e-08 1.0 1.0658141e-14 0.021083029 0.99977773 4.371138e-08 3.0
114514 0.500000000 0.500000000 0.500000000 0.500000000 0.000000000 0.000000000 0.9994999 -0.031621587 0.0 0.0 -1.3822234e-09 -4.368952e-08 1.0 1.0658142e-14 0.031621594 0.9994999 4.3711385e-08 3.0000002
114514 0.500000000 0.500000000 0.500000000 0.500000000 0.000000000 0.000000000 0.999111 -0.04215652 0.0 1.4901161e-08 -1.84272e-09 -4.3672525e-08 1.0 1.0658141e-14 0.042156525 0.99911106 4.371139e-08 3.0
114514 0.500000000 0.500000000 0.500000000 0.500000000 0.000000000 0.000000000 0.99861103 -0.05268688 0.0 0.0 -2.3030167e-09 -4.3650676e-08 1.0 -1.0658143e-14 0.052686885 0.99861115 4.3711385e-08 3.0000005
114514 0.500000000 0.500000000 0.500000000 0.500000000 0.000000000 0.000000000 0.9980001 -0.0632114 2.220446e-16 -1.4901161e-08 -2.7630578e-09 -4.362397e-08 1.0 0.0 0.063211404 0.9980002 4.371139e-08 3.0000002
114514 0.500000000 0.500000000 0.500000000 0.500000000 0.000000000 0.000000000 0.9972783 -0.07372887 0.0 -1.4901161e-08 -3.222791e-09 -4.3592415e-08 1.0 -1.0658143e-14 0.073728874 0.99727833 4.3711392e-08 3.0000005
114514 0.500000000 0.500000000 0.500000000 0.500000000 0.000000000 0.000000000 0.9964456 -0.084238164 -2.220446e-16 -2.9802322e-08 -3.6821666e-09 -4.355602e-08 1.0 0.0 0.08423816 0.9964457 4.371139e-08 3.0000002
114514 0.500000000 0.500000000 0.500000000 0.500000000 0.000000000 0.000000000 0.9955022 -0.094738096 -4.440892e-16 -2.9802322e-08 -4.141133e-09 -4.351478e-08 1.0 0.0 0.094738096 0.9955023 4.3711385e-08 3.0000002
114514 0.500000000 0.500000000 0.500000000 0.500000000 0.000000000 0.000000000 0.9944482 -0.10522749 0.0 0.0 -4.5996393e-09 -4.3468706e-08 1.0 1.0658141e-14 0.10522749 0.9944482 4.3711385e-08 3.0
114514 0.500000000 0.500000000 0.500000000 0.500000000 0.000000000 0.000000000 0.99328357 -0.11570519 0.0 -2.9802322e-08 -5.0576348e-09 -4.3417803e-08 1.0 0.0 0.11570521 0.9932836 4.3711385e-08 3.0000002
114514 0.500000000 0.500000000 0.500000000 0.500000000 0.000000000 0.000000000 0.9920086 -0.1261699 4.440892e-16 2.9802322e-08 -5.5150617e-09 -4.336207e-08 1.0 1.065814e-14 0.1261699 0.99200857 4.3711385e-08 2.9999998
114514 0.500000000 0.500000000 0.500000000 0.500000000 0.000000000 0.000000000 0.9906234 -0.13662076 -4.440892e-16 -2.9802322e-08 -5.9718825e-09 -4.3301526e-08 1.0 0.0 0.13662075 0.9906235 4.3711385e-08 3.0
114514 0.500000000 0.500000000 0.500000000 0.500000000 0.000000000 0.000000000 0.98912805 -0.14705639 -4.440892e-16 -5.9604645e-08 -6.4280385e-09 -4.3236167e-08 1.0 -2.1316285e-14 0.14705639 0.9891282 4.371139e-08 3.0000005
114514 0.500000000 0.500000000 0.500000000 0.500000000 0.000000000 0.000000000 0.98752284 -0.15747568 -4.440892e-16 0.0 -6.88348e-09 -4.3165993e-08 1.0 1.0658141e-14 0.15747568 0.9875229 4.3711392e-08 3.0
114514 0.500000000 0.500000000 0.500000000 0.500000000 0.000000000 0.000000000 0.98580784 -0.16787747 8.881784e-16 0.0 -7.338156e-09 -4.3091024e-08 1.0 1.0658142e-14 0.16787747 0.9858079 4.371138e-08 3.0000002
114514 0.500000000 0.500000000 0.500000000 0.500000000 0.000000000 0.000000000 0.9839832 -0.17826058 8.881784e-16 -5.9604645e-08 -7.792018e-09 -4.3011273e-08 1.0 -1.0658143e-14 0.1782606 0.98398334 4.371138e-08 3.0000005
114514 0.500000000 0.500000000 0.500000000 0.500000000 0.000000000 0.000000000 0.9820494 -0.18862392 0.0 5.9604645e-08 -8.245013e-09 -4.292674e-08 1.0 1.0658141e-14 0.18862393 0.9820494 4.3711385e-08 3.0
114514 0.500000000 0.500000000 0.500000000 0.500000000 0.000000000 0.000000000 0.9800063 -0.19896613 -8.881784e-16 -5.9604645e-08 -8.697086e-09 -4.283743e-08 1.0 1.0658141e-14 0.19896615 0.9800063 4.371138e-08 3.0
114514 0.500000000 0.500000000 0.500000000 0.500000000 0.000000000 0.000000000 0.9778544 -0.20928642 -8.881784e-16 -5.9604645e-08 -9.1481995e-09 -4.274337e-08 1.0 0.0 0.20928644 0.97785443 4.3711385e-08 3.0000002
114514 0.500000000 0.500000000 0.500000000 0.500000000 0.000000000 0.000000000 0.9755937 -0.21958338 -8.881784e-16 0.0 -9.598293e-09 -4.264455e-08 1.0 1.0658141e-14 0.21958338 0.9755937 4.371138e-08 3.0
114514 0.500000000 0.500000000 0.500000000 0.500000000 0.000000000 0.000000000 0.97322464 -0.22985595 8.881784e-16 0.0 -1.0047323e-08 -4.2540997e-08 1.0 0.0 0.22985598 0.97322464 4.371139e-08 3.0000002
114514 0.500000000 0.500000000 0.500000000 0.500000000 0.000000000 0.000000000 0.9707474 -0.24010302 -8.881784e-16 0.0 -1.0495237e-08 -4.243271e-08 1.0 1.0658141e-14 0.24010305 0.9707474 4.371139e-08 3.0
114514 0.500000000 0.500000000 0.500000000 0.500000000 0.000000000 0.000000000 0.9681623 -0.2503234 -8.881784e-16 -5.9604645e-08 -1.09419815e-08 -4.2319712e-08 1.0 1.0658141e-14 0.25032339 0.9681623 4.371139e-08 3.0
114514 0.500000000 0.500000000 0.500000000 0.500000000 0.000000000 0.000000000 0.96546954 -0.2605159 -1.7763568e-15 5.9604645e-08 -1.13875105e-08 -4.220201e-08 1.0 1.065814e-14 0.26051587 0.96546954 4.371139e-08 2.9999998
114514 0.500000000 0.500000000 0.500000000 0.500000000 0.000000000 0.000000000 0.9626695 -0.27067947 -1.7763568e-15 -5.9604645e-08 -1.1831775e-08 -4.207962e-08 1.0 1.0658141e-14 0.27067947 0.96266955 4.371139e-08 3.0
114514 0.500000000 0.500000000 0.500000000 0.500000000 0.000000000 0.000000000 0.9597625 -0.28081283 1.7763568e-15 0.0 -1.2274718e-08 -4.1952546e-08 1.0 1.0658142e-14 0.28081286 0.9597626 4.371138e-08 3.0000002
114514 0.500000000 0.500000000 0.500000000 0.500000000 0.000000000 0.000000000 0.9567488 -0.29091516 -8.881784e-16 0.0 -1.2716306e-08 -4.182082e-08 1.0 0.0 0.29091516 0.95674884 4.371139e-08 3.0
114514 0.500000000 0.500000000 0.500000000 0.500000000 0.000000000 0.000000000 0.9536289 -0.30098513 -8.881784e-16 -5.9604645e-08 -1.3156475e-08 -4.1684437e-08 1.0 0.0 0.3009851 0.9536289 4.3711385e-08 3.0000002
114514 0.500000000 0.500000000 0.500000000 0.500000000 0.000000000 0.000000000 0.95040286 -0.3110216 1.7763568e-15 5.9604645e-08 -1.35951845e-08 -4.154342e-08 1.0 1.0658142e-14 0.31102163 0.9504028 4.371138e-08 3.0000002
114514 0.500000000 0.500000000 0.500000000 0.500000000 0.000000000 0.000000000 0.94707125 -0.32102352 -1.1405047e-15 -1.21556596e-29 -1.403238e-08 -4.139779e-08 1.0 1.0658141e-14 0.3210234 0.9470712 4.371138e-08 3.0
114514 0.500000000 0.500000000 0.500000000 0.500000000 0.000000000 0.000000000 0.94363433 -0.3309898 -5.4881065e-16 -1.1837117e-07 -1.4468028e-08 -4.1247556e-08 1.0 6.565005e-15 0.33098996 0.9436343 4.3711385e-08 3.0
114514 0.500000000 0.500000000 0.500000000 0.500000000 0.000000000 0.000000000 0.94009256 -0.34091926 2.0994203e-15 6.096112e-08 -1.4902056e-08 -4.1092743e-08 1.0 7.347956e-15 0.34091932 0.9400925 4.371138e-08 3.0
114514 0.500000000 0.500000000 0.500000000 0.500000000 0.000000000 0.000000000 0.9364463 -0.35081077 -2.4926604e-15 -2.6567126e-29 -1.5334441e-08 -4.0933365e-08 1.0 1.0658141e-14 0.35081095 0.9364463 4.3711385e-08 3.0
114514 0.500000000 0.500000000 0.500000000 0.500000000 0.000000000 0.000000000 0.93269604 -0.3606633 -3.416607e-16 6.449162e-08 -1.5765103e-08 -4.0769432e-08 1.0 7.290142e-15 0.36066338 0.932696 4.3711385e-08 2.9999998
114514 0.500000000 0.500000000 0.500000000 0.500000000 0.000000000 0.000000000 0.92884207 -0.3704759 -2.281433e-15 -6.6246244e-08 -1.6194008e-08 -4.0600977e-08 1.0 3.3981206e-15 0.37047583 0.92884207 4.371139e-08 3.0
114514 0.500000000 0.500000000 0.500000000 0.500000000 0.000000000 0.000000000 0.924885 -0.3802472 3.6021273e-16 -6.7993504e-08 -1.6621122e-08 -4.0428e-08 1.0 3.4290522e-15 0.380247 0.924885 4.371139e-08 3.0000005
114514 0.500000000 0.500000000 0.500000000 0.500000000 0.000000000 0.000000000 0.9208248 -0.3899763 -3.694293e-16 6.97332e-08 -1.7046402e-08 -4.0250534e-08 1.0 7.197357e-15 0.38997632 0.9208249 4.3711385e-08 2.9999998
114514 0.500000000 0.500000000 0.500000000 0.500000000 0.000000000 0.000000000 0.9166625 -0.399662 0.0 0.0 -1.7469779e-08 -4.006859e-08 1.0 1.065814e-14 0.39966196 0.9166625 4.371138e-08 2.9999998
114514 0.500000000 0.500000000 0.500000000 0.500000000 0.000000000 0.000000000 0.91239834 -0.4093033 1.0663997e-15 7.318914e-08 -1.7891209e-08 -3.9882195e-08 1.0 7.131493e-15 0.4093033 0.91239834 4.371139e-08 3.0
114514 0.500000000 0.500000000 0.500000000 0.500000000 0.000000000 0.000000000 0.9080328 -0.41889906 0.0 0.0 -1.8310656e-08 -3.9691372e-08 1.0 1.065814e-14 0.41889894 0.9080328 4.3711385e-08 2.9999998
114514 0.500000000 0.500000000 0.500000000 0.500000000 0.000000000 0.000000000 0.9035661 -0.42844847 -1.1162804e-15 -7.661256e-08 -1.8728088e-08 -3.9496136e-08 1.0 3.595682e-15 0.4284486 0.90356636 4.371139e-08 3.0000002
114514 0.500000000 0.500000000 0.500000000 0.500000000 0.000000000 0.000000000 0.8989993 -0.43795002 -1.1410358e-15 -7.831157e-08 -1.9143414e-08 -3.9296502e-08 1.0 3.6313793e-15 0.43795025 0.89899933 4.3711392e-08 3.0000005
114514 0.500000000 0.500000000 0.500000000 0.500000000 0.000000000 0.000000000 0.8943324 -0.44740307 -4.238305e-16 8.000191e-08 -1.9556607e-08 -3.9092505e-08 1.0 6.990285e-15 0.447403 0.89433235 4.371138e-08 3.0
114514 0.500000000 0.500000000 0.500000000 0.500000000 0.000000000 0.000000000 0.8895661 -0.45680618 -1.6229016e-15 -1.7297115e-29 -1.9967635e-08 -3.8884167e-08 1.0 1.0658142e-14 0.45680633 0.8895662 4.3711385e-08 3.0000002
114514 0.500000000 0.500000000 0.500000000 0.500000000 0.000000000 0.000000000 0.8847011 -0.46615857 1.2145303e-15 8.3355644e-08 -2.0376438e-08 -3.867151e-08 1.0 6.9150046e-15 0.46615857 0.8847011 4.371138e-08 2.9999998
114514 0.500000000 0.500000000 0.500000000 0.500000000 0.000000000 0.000000000 0.8797377 -0.4754594 1.6891711e-15 1.8003425e-29 -2.078299e-08 -3.8454548e-08 1.0 1.0658142e-14 0.4754595 0.8797377 4.3711385e-08 3.0000002
114514 0.500000000 0.500000000 0.500000000 0.500000000 0.000000000 0.000000000 0.87467647 -0.48470724 0.0 0.0 -2.1187217e-08 -3.823332e-08 1.0 1.0658141e-14 0.48470718 0.87467647 4.371138e-08 3.0
114514 0.500000000 0.500000000 0.500000000 0.500000000 0.000000000 0.000000000 0.8695179 -0.4939012 1.286811e-15 8.831641e-08 -2.1589107e-08 -3.8007833e-08 1.0 6.7963302e-15 0.4939012 0.86951786 4.3711385e-08 2.9999998
114514 0.500000000 0.500000000 0.500000000 0.500000000 0.000000000 0.000000000 0.86426306 -0.5030402 0.0 0.0 -2.1988582e-08 -3.7778133e-08 1.0 1.065814e-14 0.5030401 0.864263 4.371139e-08 2.9999998
114514 0.500000000 0.500000000 0.500000000 0.500000000 0.000000000 0.000000000 0.8589118 -0.51212347 -4.8514066e-16 9.157481e-08 -2.2385619e-08 -3.7544226e-08 1.0 6.7134315e-15 0.51212347 0.8589118 4.371139e-08 3.0
114514 0.500000000 0.500000000 0.500000000 0.500000000 0.000000000 0.000000000 0.8534653 -0.52114964 1.357804e-15 9.318882e-08 -2.2780169e-08 -3.7306148e-08 1.0 6.6708596e-15 0.52114964 0.8534653 4.371138e-08 3.0
114514 0.500000000 0.500000000 0.500000000 0.500000000 0.000000000 0.000000000 0.8479238 -0.5301178 0.0 0.0 -2.3172197e-08 -3.7063923e-08 1.0 1.065814e-14 0.530118 0.84792376 4.371138e-08 2.9999998
114514 0.500000000 0.500000000 0.500000000 0.500000000 0.000000000 0.000000000 0.84228814 -0.5390274 -5.1062704e-16 9.63856e-08 -2.3561638e-08 -3.6817585e-08 1.0 6.5834975e-15 0.5390274 0.8422882 4.371139e-08 2.9999998
114514 0.500000000 0.500000000 0.500000000 0.500000000 0.000000000 0.000000000 0.83655894 -0.54787683 -5.1901044e-16 9.7968005e-08 -2.3948454e-08 -3.6567155e-08 1.0 6.538717e-15 0.5478767 0.836559 4.371138e-08 2.9999998
114514 0.500000000 0.500000000 0.500000000 0.500000000 0.000000000 0.000000000 0.8307366 -0.5566655 0.0 0.0 -2.4332628e-08 -3.631265e-08 1.0 0.0 0.5566657 0.8307367 4.3711385e-08 3.0000002
114514 0.500000000 0.500000000 0.500000000 0.500000000 0.000000000 0.000000000 0.82482225 -0.56539226 0.0 0.0 -2.4714078e-08 -3.605412e-08 1.0 1.0658141e-14 0.5653922 0.82482225 4.371139e-08 3.0
114514 0.500000000 0.500000000 0.500000000 0.500000000 0.000000000 0.000000000 0.8188158 -0.5740562 1.4956468e-15 1.0264925e-07 -2.5092794e-08 -3.5791576e-08 1.0 6.4000327e-15 0.57405627 0.8188158 4.371138e-08 3.0
114514 0.500000000 0.500000000 0.500000000 0.500000000 0.000000000 0.000000000 0.8127187 -0.58265626 -1.5180535e-15 -1.04187066e-07 -2.5468708e-08 -3.5525062e-08 1.0 4.3057654e-15 0.5826563 0.81271875 4.3711385e-08 3.0000002
114514 0.500000000 0.500000000 0.500000000 0.500000000 0.000000000 0.000000000 0.806531 -0.5911916 2.1003344e-15 2.2385663e-29 -2.5841809e-08 -3.5254583e-08 1.0 1.0658142e-14 0.5911918 0.8065311 4.3711385e-08 3.0000002
114514 0.500000000 0.500000000 0.500000000 0.500000000 0.000000000 0.000000000 0.80025387 -0.5996613 -9.942917e-16 -2.1445557e-07 -2.6212023e-08 -3.4980204e-08 1.0 8.806385e-15 0.5996613 0.8002539 4.371138e-08 3.0
114514 0.500000000 0.500000000 0.500000000 0.500000000 0.000000000 0.000000000 0.79388785 -0.6080642 -5.7602645e-16 1.0873035e-07 -2.6579324e-08 -3.470194e-08 1.0 6.2051906e-15 0.6080641 0.7938879 4.371139e-08 3.0
114514 0.500000000 0.500000000 0.500000000 0.500000000 0.000000000 0.000000000 0.7874333 -0.6163997 -5.839229e-16 1.10220846e-07 -2.6943686e-08 -3.441981e-08 1.0 6.154741e-15 0.6163997 0.7874333 4.3711385e-08 2.9999998
114514 0.500000000 0.500000000 0.500000000 0.500000000 0.000000000 0.000000000 0.7808916 -0.6246666 2.2192615e-15 2.3653202e-29 -2.730504e-08 -3.413385e-08 1.0 1.0658141e-14 0.62466663 0.7808916 4.371138e-08 3.0
114514 0.500000000 0.500000000 0.500000000 0.500000000 0.000000000 0.000000000 0.77426285 -0.6328642 0.0 0.0 -2.7663367e-08 -3.38441e-08 1.0 1.0658141e-14 0.6328642 0.7742629 4.3711385e-08 3.0
114514 0.500000000 0.500000000 0.500000000 0.500000000 0.000000000 0.000000000 0.76754814 -0.64099115 -6.0721897e-16 1.1461816e-07 -2.8018613e-08 -3.355059e-08 1.0 -4.658828e-15 0.6409912 0.76754814 4.3711378e-08 3.0000002
114514 0.500000000 0.500000000 0.500000000 0.500000000 0.000000000 0.000000000 0.76074815 -0.6490473 0.0 0.0 -2.8370751e-08 -3.3253354e-08 1.0 1.0658141e-14 0.6490472 0.76074815 4.3711385e-08 3.0
114514 0.500000000 0.500000000 0.500000000 0.500000000 0.000000000 0.000000000 0.75386363 -0.657031 0.0 0.0 -2.8719727e-08 -3.2952418e-08 1.0 1.0658141e-14 0.6570309 0.7538635 4.371138e-08 3.0
114514 0.500000000 0.500000000 0.500000000 0.500000000 0.000000000 0.000000000 0.74689525 -0.66494167 2.3623474e-15 2.517823e-29 -2.9065523e-08 -3.2647826e-08 1.0 1.065814e-14 0.6649416 0.74689525 4.371138e-08 2.9999998
114514 0.500000000 0.500000000 0.500000000 0.500000000 0.000000000 0.000000000 0.7398438 -0.67277867 -6.373311e-16 1.2030222e-07 -2.9408087e-08 -3.23396e-08 1.0 -4.875371e-15 0.6727788 0.7398439 4.3711392e-08 3.0000005
114514 0.500000000 0.500000000 0.500000000 0.500000000 0.000000000 0.000000000 0.73271024 -0.6805407 0.0 0.0 -2.9747378e-08 -3.2027778e-08 1.0 1.0658141e-14 0.6805407 0.73271024 4.371138e-08 3.0
114514 0.500000000 0.500000000 0.500000000 0.500000000 0.000000000 0.000000000 0.7254951 -0.6882272 0.0 0.0 -3.008337e-08 -3.17124e-08 1.0 0.0 0.68822724 0.7254952 4.371139e-08 3.0000002
114514 0.500000000 0.500000000 0.500000000 0.500000000 0.000000000 0.000000000 0.71819955 -0.6958372 -1.8129353e-15 -1.2442538e-07 -3.041601e-08 -3.13935e-08 1.0 5.0445454e-15 0.69583726 0.71819955 4.3711385e-08 3.0
114514 0.500000000 0.500000000 0.500000000 0.500000000 0.000000000 0.000000000 0.7108241 -0.70336986 -1.8325609e-15 -1.2577233e-07 -3.0745273e-08 -3.1071107e-08 1.0 5.1021944e-15 0.7033698 0.7108241 4.371138e-08 3.0
114514 0.500000000 0.500000000 0.500000000 0.500000000 0.000000000 0.000000000 0.7033697 -0.71082425 2.525355e-15 0.0 -3.107111e-08 -3.0745262e-08 1.0 0.0 0.71082425 0.7033697 4.3711385e-08 3.0000002
114514 0.500000000 0.500000000 0.500000000 0.500000000 0.000000000 0.000000000 0.69583714 -0.7181996 0.0 0.0 -3.1393498e-08 -3.0416007e-08 1.0 0.0 0.71819955 0.6958372 4.371139e-08 3.0
114514 0.500000000 0.500000000 0.500000000 0.500000000 0.000000000 0.000000000 0.68822694 -0.72549534 0.0 0.0 -3.1712407e-08 -3.0083356e-08 1.0 0.0 0.72549546 0.688227 4.3711385e-08 3.0000002
114514 0.500000000 0.500000000 0.500000000 0.500000000 0.000000000 0.000000000 0.68054056 -0.7327103 -6.0744957e-16 -1.3101881e-07 -3.202778e-08 -2.9747378e-08 1.0 5.3388944e-15 0.73271024 0.6805406 4.3711385e-08 2.9999998
114514 0.500000000 0.500000000 0.500000000 0.500000000 0.000000000 0.000000000 0.67277837 -0.739844 7.0086344e-16 -1.3229442e-07 -3.2339607e-08 -2.9408078e-08 1.0 5.399567e-15 0.739844 0.6727784 4.371138e-08 3.0
114514 0.500000000 0.500000000 0.500000000 0.500000000 0.000000000 0.000000000 0.66494167 -0.7468953 6.1920967e-16 1.335553e-07 -3.2647826e-08 -2.906552e-08 1.0 5.1973205e-15 0.7468953 0.66494167 4.3711385e-08 3.0000002
114514 0.500000000 0.500000000 0.500000000 0.500000000 0.000000000 0.000000000 0.6570308 -0.7538637 1.3391309e-15 1.4272646e-29 -3.2952425e-08 -2.8719725e-08 1.0 1.0658141e-14 0.7538637 0.65703076 4.3711385e-08 3.0
114514 0.500000000 0.500000000 0.500000000 0.500000000 0.000000000 0.000000000 0.6490471 -0.7607482 1.3513603e-15 1.4402987e-29 -3.3253354e-08 -2.8370748e-08 1.0 1.065814e-14 0.76074815 0.6490471 4.3711385e-08 2.9999998
114514 0.500000000 0.500000000 0.500000000 0.500000000 0.000000000 0.000000000 0.64099115 -0.76754814 -6.363317e-16 -1.3724832e-07 -3.355059e-08 -2.801861e-08 1.0 5.6480233e-15 0.76754814 0.6409912 4.3711385e-08 3.0000002
114514 0.500000000 0.500000000 0.500000000 0.500000000 0.000000000 0.000000000 0.63286406 -0.77426296 6.418986e-16 1.3844902e-07 -3.3844103e-08 -2.7663361e-08 1.0 4.9465953e-15 0.77426296 0.63286406 4.3711385e-08 3.0000002
114514 0.500000000 0.500000000 0.500000000 0.500000000 0.000000000 0.000000000 0.6246666 -0.78089154 0.0 0.0 -3.413385e-08 -2.730504e-08 1.0 1.0658141e-14 0.78089154 0.6246665 4.371138e-08 3.0
114514 0.500000000 0.500000000 0.500000000 0.500000000 0.000000000 0.000000000 0.6163995 -0.7874335 1.3987629e-15 1.4908211e-29 -3.4419813e-08 -2.6943674e-08 1.0 1.0658141e-14 0.7874336 0.6163995 4.371139e-08 3.0
114514 0.500000000 0.500000000 0.500000000 0.500000000 0.000000000 0.000000000 0.60806423 -0.79388785 2.068397e-15 1.4195822e-07 -3.4701937e-08 -2.6579329e-08 1.0 4.7527552e-15 0.79388785 0.60806423 4.3711392e-08 3.0000002
114514 0.500000000 0.500000000 0.500000000 0.500000000 0.000000000 0.000000000 0.599661 -0.80025405 -6.634465e-16 -1.4309656e-07 -3.4980218e-08 -2.6212012e-08 1.0 5.9710673e-15 0.8002541 0.59966093 4.371139e-08 2.9999998
114514 0.500000000 0.500000000 0.500000000 0.500000000 0.000000000 0.000000000 0.59119153 -0.80653113 0.0 0.0 -3.5254597e-08 -2.5841796e-08 1.0 1.0658141e-14 0.8065312 0.5911915 4.371138e-08 3.0
114514 0.500000000 0.500000000 0.500000000 0.500000000 0.000000000 0.000000000 0.5826563 -0.81271875 6.737802e-16 1.4532544e-07 -3.5525055e-08 -2.5468715e-08 1.0 4.5541616e-15 0.8127187 0.5826563 4.3711385e-08 3.0000002
114514 0.500000000 0.500000000 0.500000000 0.500000000 0.000000000 0.000000000 0.574056 -0.81881595 6.788353e-16 1.4641572e-07 -3.5791583e-08 -2.5092785e-08 1.0 4.4869398e-15 0.81881607 0.5740561 4.371139e-08 3.0000002
114514 0.500000000 0.500000000 0.500000000 0.500000000 0.000000000 0.000000000 0.56539214 -0.8248222 0.0 0.0 -3.605412e-08 -2.4714076e-08 1.0 1.0658141e-14 0.8248222 0.56539226 4.371138e-08 3.0
114514 0.500000000 0.500000000 0.500000000 0.500000000 0.000000000 0.000000000 0.5566653 -0.83073676 7.869671e-16 -1.485473e-07 -3.631266e-08 -2.4332612e-08 1.0 6.30713e-15 0.8307367 0.5566653 4.371138e-08 2.9999998
114514 0.500000000 0.500000000 0.500000000 0.500000000 0.000000000 0.000000000 0.54787683 -0.83655894 2.179572e-15 1.495884e-07 -3.6567155e-08 -2.3948456e-08 1.0 4.2823174e-15 0.836559 0.54787683 4.3711385e-08 3.0
114514 0.500000000 0.500000000 0.500000000 0.500000000 0.000000000 0.000000000 0.5390272 -0.8422883 0.0 0.0 -3.6817585e-08 -2.3561627e-08 1.0 1.0658141e-14 0.8422884 0.5390273 4.371139e-08 3.0
114514 0.500000000 0.500000000 0.500000000 0.500000000 0.000000000 0.000000000 0.53011787 -0.84792393 0.0 0.0 -3.706393e-08 -2.3172188e-08 1.0 1.065814e-14 0.8479239 0.53011787 4.3711385e-08 2.9999998
114514 0.500000000 0.500000000 0.500000000 0.500000000 0.000000000 0.000000000 0.52114964 -0.8534653 0.0 0.0 -3.7306148e-08 -2.278017e-08 1.0 1.0658141e-14 0.8534653 0.52114964 4.371138e-08 3.0
114514 0.500000000 0.500000000 0.500000000 0.500000000 0.000000000 0.000000000 0.5121232 -0.85891193 -7.1207656e-16 -1.535854e-07 -3.754423e-08 -2.2385619e-08 1.0 6.6552797e-15 0.8589119 0.5121233 4.371139e-08 2.9999998
114514 0.500000000 0.500000000 0.500000000 0.500000000 0.000000000 0.000000000 0.5030402 -0.86426294 0.0 0.0 -3.7778133e-08 -2.1988585e-08 1.0 1.0658141e-14 0.864263 0.50304025 4.3711392e-08 3.0
114514 0.500000000 0.500000000 0.500000000 0.500000000 0.000000000 0.000000000 0.49390104 -0.8695181 2.6772967e-15 7.7740985e-08 -3.8007844e-08 -2.1589097e-08 1.0 1.9302157e-15 0.8695182 0.49390104 4.3711392e-08 3.0000002
114514 0.500000000 0.500000000 0.500000000 0.500000000 0.000000000 0.000000000 0.48470715 -0.8746765 1.5537376e-15 1.6559957e-29 -3.8233317e-08 -2.1187219e-08 1.0 1.0658142e-14 0.8746765 0.48470715 4.3711385e-08 3.0000002
114514 0.500000000 0.500000000 0.500000000 0.500000000 0.000000000 0.000000000 0.47545922 -0.87973773 1.5627281e-15 1.6655776e-29 -3.8454555e-08 -2.0782979e-08 1.0 1.0658141e-14 0.87973773 0.47545922 4.371138e-08 3.0
114514 0.500000000 0.500000000 0.500000000 0.500000000 0.000000000 0.000000000 0.46615866 -0.88470113 -1.1525008e-15 -7.909844e-08 -3.8671512e-08 -2.0376438e-08 1.0 8.836344e-15 0.8847011 0.46615863 4.371138e-08 2.9999998
114514 0.500000000 0.500000000 0.500000000 0.500000000 0.000000000 0.000000000 0.4568062 -0.8895662 2.0015355e-15 -7.953342e-08 -3.888417e-08 -1.9967631e-08 1.0 8.872896e-15 0.8895663 0.45680624 4.3711385e-08 3.0000002
114514 0.500000000 0.500000000 0.500000000 0.500000000 0.000000000 0.000000000 0.44740286 -0.89433247 0.0 0.0 -3.909251e-08 -1.9556598e-08 1.0 1.0658142e-14 0.8943326 0.44740286 4.3711385e-08 3.0000002
114514 0.500000000 0.500000000 0.500000000 0.500000000 0.000000000 0.000000000 0.4379499 -0.8989993 4.2581649e-16 -8.037681e-08 -3.9296506e-08 -1.9143396e-08 1.0 8.946588e-15 0.89899945 0.43794996 4.3711385e-08 3.0000002
114514 0.500000000 0.500000000 0.500000000 0.500000000 0.000000000 0.000000000 0.42844817 -0.90356624 -1.1770764e-15 -8.0785114e-08 -3.9496133e-08 -1.8728063e-08 1.0 8.983721e-15 0.9035663 0.4284482 4.371138e-08 3.0
114514 0.500000000 0.500000000 0.500000000 0.500000000 0.000000000 0.000000000 0.418899 -0.9080327 0.0 0.0 -3.969137e-08 -1.8310656e-08 1.0 1.0658141e-14 0.9080328 0.418899 4.371138e-08 3.0
114514 0.500000000 0.500000000 0.500000000 0.500000000 0.000000000 0.000000000 0.40930307 -0.91239846 4.321632e-16 -8.157478e-08 -3.9882195e-08 -1.7891203e-08 1.0 9.058543e-15 0.91239846 0.40930307 4.371138e-08 3.0
114514 0.500000000 0.500000000 0.500000000 0.500000000 0.000000000 0.000000000 0.39966193 -0.91666263 0.0 0.0 -4.0068592e-08 -1.7469773e-08 1.0 1.0658141e-14 0.91666263 0.39966193 4.3711385e-08 3.0
114514 0.500000000 0.500000000 0.500000000 0.500000000 0.000000000 0.000000000 0.38997605 -0.920825 4.361543e-16 -8.232817e-08 -4.025053e-08 -1.7046393e-08 1.0 9.134075e-15 0.92082494 0.38997605 4.3711385e-08 3.0
114514 0.500000000 0.500000000 0.500000000 0.500000000 0.000000000 0.000000000 0.38024706 -0.9248849 0.0 0.0 -4.0428e-08 -1.6621124e-08 1.0 1.0658141e-14 0.9248849 0.38024706 4.371138e-08 3.0
114514 0.500000000 0.500000000 0.500000000 0.500000000 0.000000000 0.000000000 0.37047583 -0.9288421 0.0 0.0 -4.060097e-08 -1.619401e-08 1.0 1.0658142e-14 0.92884207 0.37047586 4.3711385e-08 3.0000002
114514 0.500000000 0.500000000 0.500000000 0.500000000 0.000000000 0.000000000 0.36066324 -0.9326961 0.0 0.0 -4.0769436e-08 -1.5765089e-08 1.0 1.0658141e-14 0.93269604 0.36066324 4.3711385e-08 3.0
114514 0.500000000 0.500000000 0.500000000 0.500000000 0.000000000 0.000000000 0.35081077 -0.93644637 1.2199095e-15 8.372483e-08 -4.0933365e-08 -1.5334425e-08 1.0 1.3710045e-15 0.9364463 0.35081077 4.3711385e-08 3.0
114514 0.500000000 0.500000000 0.500000000 0.500000000 0.000000000 0.000000000 0.34091902 -0.9400926 0.0 0.0 -4.109275e-08 -1.4902046e-08 1.0 -1.0658143e-14 0.94009274 0.34091905 4.3711385e-08 3.0000005
114514 0.500000000 0.500000000 0.500000000 0.500000000 0.000000000 0.000000000 0.3309897 -0.94363433 3.9115764e-16 8.436749e-08 -4.1247564e-08 -1.4468018e-08 1.0 1.2935417e-15 0.94363445 0.33098972 4.371139e-08 3.0000002
114514 0.500000000 0.500000000 0.500000000 0.500000000 0.000000000 0.000000000 0.32102332 -0.94707125 -8.4116825e-16 -8.96529e-30 -4.1397797e-08 -1.4032373e-08 1.0 1.0658141e-14 0.94707125 0.3210233 4.371138e-08 3.0
114514 0.500000000 0.500000000 0.500000000 0.500000000 0.000000000 0.000000000 0.31102148 -0.95040286 0.0 0.0 -4.1543423e-08 -1.359518e-08 1.0 1.0658141e-14 0.95040286 0.31102148 4.371138e-08 3.0
114514 0.500000000 0.500000000 0.500000000 0.500000000 0.000000000 0.000000000 0.3009851 -0.9536289 0.0 0.0 -4.1684434e-08 -1.3156475e-08 1.0 1.0658142e-14 0.9536289 0.30098513 4.3711385e-08 3.0000002
114514 0.500000000 0.500000000 0.500000000 0.500000000 0.000000000 0.000000000 0.29091504 -0.9567489 -1.2463574e-15 -8.5540016e-08 -4.1820815e-08 -1.2716299e-08 1.0 9.521215e-15 0.95674884 0.29091504 4.371138e-08 3.0
114514 0.500000000 0.500000000 0.500000000 0.500000000 0.000000000 0.000000000 0.28081283 -0.95976245 0.0 0.0 -4.195255e-08 -1.2274717e-08 1.0 1.0658141e-14 0.9597625 0.28081283 4.371138e-08 3.0
114514 0.500000000 0.500000000 0.500000000 0.500000000 0.000000000 0.000000000 0.27067924 -0.96266955 8.550223e-16 9.112949e-30 -4.2079616e-08 -1.1831763e-08 1.0 1.0658142e-14 0.9626696 0.27067924 4.371139e-08 3.0000002
114514 0.500000000 0.500000000 0.500000000 0.500000000 0.000000000 0.000000000 0.26051578 -0.9654696 0.0 0.0 -4.220201e-08 -1.1387504e-08 1.0 1.0658141e-14 0.9654696 0.26051575 4.3711385e-08 3.0
114514 0.500000000 0.500000000 0.500000000 0.500000000 0.000000000 0.000000000 0.25032312 -0.96816236 -8.599009e-16 -9.164946e-30 -4.2319716e-08 -1.0941971e-08 1.0 1.0658142e-14 0.9681624 0.25032318 4.3711385e-08 3.0000002
114514 0.500000000 0.500000000 0.500000000 0.500000000 0.000000000 0.000000000 0.24010289 -0.9707474 2.299002e-16 -4.339579e-08 -4.243271e-08 -1.0495229e-08 1.0 1.0188968e-14 0.9707474 0.24010287 4.3711385e-08 3.0
114514 0.500000000 0.500000000 0.500000000 0.500000000 0.000000000 0.000000000 0.22985597 -0.9732246 6.3391025e-16 4.350653e-08 -4.2540997e-08 -1.0047323e-08 1.0 4.491504e-16 0.97322476 0.22985595 4.371139e-08 3.0000002
114514 0.500000000 0.500000000 0.500000000 0.500000000 0.000000000 0.000000000 0.21958326 -0.9755937 6.3545333e-16 4.3612438e-08 -4.2644558e-08 -9.598289e-09 1.0 4.2907698e-16 0.9755938 0.21958326 4.3711385e-08 3.0
114514 0.500000000 0.500000000 0.500000000 0.500000000 0.000000000 0.000000000 0.20928642 -0.9778544 6.369258e-16 4.37135e-08 -4.2743366e-08 -9.148198e-09 1.0 4.0895635e-16 0.9778543 0.20928639 4.371138e-08 3.0000002
114514 0.500000000 0.500000000 0.500000000 0.500000000 0.000000000 0.000000000 0.19896603 -0.9800063 2.3209296e-16 -4.3809692e-08 -4.2837435e-08 -8.69708e-09 1.0 1.026935e-14 0.9800063 0.19896601 4.3711385e-08 2.9999998
114514 0.500000000 0.500000000 0.500000000 0.500000000 0.000000000 0.000000000 0.1886238 -0.9820494 -6.3965826e-16 -4.3901025e-08 -4.292674e-08 -8.245008e-09 1.0 1.028956e-14 0.98204935 0.1886238 4.3711385e-08 2.9999998
114514 0.500000000 0.500000000 0.500000000 0.500000000 0.000000000 0.000000000 0.17826036 -0.9839833 0.0 0.0 -4.3011276e-08 -7.792007e-09 1.0 1.0658141e-14 0.9839834 0.17826037 4.3711385e-08 3.0
114514 0.500000000 0.500000000 0.500000000 0.500000000 0.000000000 0.000000000 0.16787732 -0.9858079 -6.421063e-16 -4.4069047e-08 -4.3091024e-08 -7.3381505e-09 1.0 1.03301e-14 0.9858079 0.16787732 4.371138e-08 3.0
114514 0.500000000 0.500000000 0.500000000 0.500000000 0.000000000 0.000000000 0.15747565 -0.9875228 -2.0467521e-16 -4.4145708e-08 -4.3165993e-08 -6.8834796e-09 1.0 1.0350426e-14 0.9875229 0.15747567 4.371139e-08 3.0
114514 0.500000000 0.500000000 0.500000000 0.500000000 0.000000000 0.000000000 0.14705625 -0.98912805 6.4426893e-16 4.421747e-08 -4.323616e-08 -6.4280328e-09 1.0 2.8735545e-16 0.9891281 0.14705624 4.3711385e-08 3.0
114514 0.500000000 0.500000000 0.500000000 0.500000000 0.000000000 0.000000000 0.13662073 -0.9906234 0.0 0.0 -4.3301522e-08 -5.971882e-09 1.0 1.065814e-14 0.99062335 0.13662073 4.371138e-08 2.9999998
114514 0.500000000 0.500000000 0.500000000 0.500000000 0.000000000 0.000000000 0.12616979 -0.9920087 0.0 0.0 -4.3362068e-08 -5.515056e-09 1.0 1.0658142e-14 0.9920087 0.12616979 4.371139e-08 3.0000002
114514 0.500000000 0.500000000 0.500000000 0.500000000 0.000000000 0.000000000 0.11570507 -0.9932836 -1.176187e-16 2.220162e-08 -4.3417803e-08 -5.057629e-09 1.0 1.1304683e-16 0.9932836 0.11570507 4.3711385e-08 3.0000002
114514 0.500000000 0.500000000 0.500000000 0.500000000 0.000000000 0.000000000 0.10522725 -0.9944482 3.2386712e-16 2.222765e-08 -4.346871e-08 -4.5996287e-09 1.0 1.0280972e-16 0.99444824 0.105227254 4.371139e-08 3.0000002
114514 0.500000000 0.500000000 0.500000000 0.500000000 0.000000000 0.000000000 0.09473796 -0.9955022 4.4209177e-16 4.711876e-30 -4.351478e-08 -4.1411274e-09 1.0 1.065814e-14 0.99550223 0.09473797 4.3711385e-08 2.9999998
114514 0.500000000 0.500000000 0.500000000 0.500000000 0.000000000 0.000000000 0.08423791 -0.9964457 -1.0326225e-16 -2.2272298e-08 -4.3556017e-08 -3.6821557e-09 1.0 1.0575838e-14 0.99644566 0.08423791 4.3711385e-08 3.0
114514 0.500000000 0.500000000 0.500000000 0.500000000 0.000000000 0.000000000 0.073728755 -0.9972784 -2.2144029e-16 -2.360142e-30 -4.3592415e-08 -3.2227858e-09 1.0 1.0658142e-14 0.99727833 0.07372876 4.371139e-08 3.0000002
114514 0.500000000 0.500000000 0.500000000 0.500000000 0.000000000 0.000000000 0.06321139 -0.9980001 -1.1817719e-16 2.2307042e-08 -4.362397e-08 -2.7630571e-09 1.0 6.1759144e-17 0.9980002 0.06321138 4.3711385e-08 3.0000002
114514 0.500000000 0.500000000 0.500000000 0.500000000 0.000000000 0.000000000 0.05268676 -0.9986111 -2.8086098e-16 1.116035e-08 -4.3650676e-08 -2.3030111e-09 1.0 -1.0632405e-14 0.99861115 0.05268676 4.3711385e-08 3.0000005
114514 0.500000000 0.500000000 0.500000000 0.500000000 0.000000000 0.000000000 0.042156506 -0.999111 -5.176923e-17 -1.1165935e-08 -4.3672525e-08 -1.8427192e-09 1.0 1.0637546e-14 0.99911094 0.0421565 4.3711385e-08 2.9999998
114514 0.500000000 0.500000000 0.500000000 0.500000000 0.000000000 0.000000000 0.031621333 -0.9994998 -5.1789368e-17 -1.1170281e-08 -4.3689518e-08 -1.3822121e-09 1.0 1.0642694e-14 0.99949986 0.031621333 4.371138e-08 3.0
114514 0.500000000 0.500000000 0.500000000 0.500000000 0.000000000 0.000000000 0.0210829 -0.99977773 2.5901887e-17 5.5866938e-09 -4.3701668e-08 -9.2156266e-10 1.0 5.149633e-18 0.99977773 0.021082899 4.3711385e-08 3.0000002
114514 0.500000000 0.500000000 0.500000000 0.500000000 0.000000000 0.000000000 0.010541871 -0.99994445 2.7754034e-17 2.9580643e-31 -4.3708955e-08 -4.607998e-10 1.0 1.0658142e-14 0.99994445 0.010541872 4.371139e-08 3.0000002
114514 0.500000000 0.500000000 0.500000000 0.500000000 0.000000000 0.000000000 -8.742277e-08 -1.0 3.1058807e-22 2.1316282e-14 -4.3711385e-08 3.82137e-15 1.0 1.0658141e-14 1.0 -8.742277e-08 4.3711385e-08 3.0
